 1)     51    99    150   150 150
 2)    150   455    605   455 305
 3)    605   760   1365   760 305
 4)   1388  1042   2430  1065 305
 5)   2505  1295   3800  1370 305
 6)   3812  1664   5476  1676 306
 7)   5482  1974   7456  1980 304
 8)   7506  2236   9742  2286 306
 9)   9830  2503  12333  2591 305
10)  12398  2830  15228  2895 304
11)  15270  3159  18429  3201 306
12)  18475  3460  21935  3506 305
13)  21988  3758  25746  3811 305
14)  25784  4078  29862  4116 305
15)  29875  4408  34283  4421 305
16)  34441  4569  39010  4727 306
17)  39127  4914  44041  5031 304
18)  44081  5296  49377  5336 305
19)  49412  5607  55019  5642 306
20)  55030  5936  60966  5947 305
21)  60992  6225  67217  6251 304
22)  67276  6498  73774  6557 306
23)  73885  6751  80636  6862 305
24)  80651  7152  87803  7167 305
25)  87917  7358  95275  7472 305
26)  95295  7757 103052  7777 305
27) 103522  7612 111134  8082 305
28) 111319  8203 119522  8388 306
29) 119634  8580 128214  8692 304
30) 128350  8861 137211  8997 305
31) 137490  9024 146514  9303 306
32) 146613  9509 156122  9608 305
33) 156186  9848 166034  9912 304
34) 166052 10200 176252 10218 306
35) 176471 10304 186775 10523 305
36) 186913 10690 197603 10828 305
37) 197683 11053 208736 11133 305
38) 208791 11383 220174 11438 305
39) 220240 11677 231917 11743 305
40) 231993 11973 243966 12049 306
41) 244024 12295 256319 12353 304
42) 256320 12657 268977 12658 305
43) 269047 12894 281941 12964 306
44) 281980 13230 295210 13269 305
45) 295267 13516 308783 13573 304
46) 308854 13808 322662 13879 306
47) 323344 13502 336846 14184 305
48) 336987 14348 351335 14489 305
49) 351486 14643 366129 14794 305
50) 366312 14916 381228 15099 305
51) 381297 15336 396633 15405 306
52) 396653 15689 412342 15709 304
53) 412389 15967 428356 16014 305
54) 428359 16317 444676 16320 306
55) 444775 16525 461300 16624 304
56) 461362 16868 478230 16930 306
57) 478585 16880 495465 17235 305
58) 495475 17530 513005 17540 305
59) 513433 17417 530850 17845 305
