[PC] YS6，YSF，YSO 每等級Exp數值：

A. 到下等級總Exp值：Exp(n+1)=Exp(n)+Next(n)

    1)   150   11) 18429   21)  67217   31) 146514   41) 256319   51) 396633
    2)   605   12) 21935   22)  73774   32) 156122   42) 268977   52) 412342
    3)  1365   13) 25746   23)  80636   33) 166034   43) 281941   53) 428356
    4)  2430   14) 29862   24)  87803   34) 176252   44) 295210   54) 444676
    5)  3800   15) 34283   25)  95275   35) 186775   45) 308783   55) 461300
    6)  5476   16) 39010   26) 103052   36) 197603   46) 322662   56) 478230
    7)  7456   17) 44041   27) 111134   37) 208736   47) 336846   57) 495465
    8)  9742   18) 49377   28) 119522   38) 220174   48) 351335   58) 513005
    9) 12333   19) 55019   29) 128214   39) 231917   49) 366129   59) 530850
   10) 15228   20) 60966   30) 137211   40) 243966   50) 381228   60) -

B. 到下等級所需Exp值：Next(n)=Exp(n+1)-Exp(n)

    1)  150   11) 3201+  21) 6251-  31)  9303+  41) 12353-  51) 15405+
    2)  455   12) 3506   22) 6557+  32)  9608   42) 12658   52) 15709-
    3)  760   13) 3811   23) 6862   33)  9912-  43) 12964+  53) 16014
    4) 1065   14) 4116   24) 7167   34) 10218+  44) 13269   54) 16320+
    5) 1370   15) 4421   25) 7472   35) 10523   45) 13573-  55) 16624-
    6) 1676+  16) 4727+  26) 7777   36) 10828   46) 13879+  56) 16930+
    7) 1980-  17) 5031-  27) 8082   37) 11133   47) 14184   57) 17235
    8) 2286+  18) 5336   28) 8388+  38) 11438   48) 14489   58) 17540
    9) 2591   19) 5642+  29) 8692-  39) 11743   49) 14794   59) 17845
   10) 2895-  20) 5947   30) 8997   40) 12049+  50) 15099   60) -

  Next(1)=150

  n=2..59  sp：Next(n)=Next(n-1)+305

           +：Next(n)=Next(n-1)+306

           -：Next(n)=Next(n-1)+304

  資料來源：實測。

  用途：每超一等，打怪經驗值減半，大約在56等以後，所有怪物的經驗值只剩1，但不會是0。
        即使有經驗加成1.99，系統捨棄小數點也是1，例如：15 -> 7 -> 3 -> 1，
        所以56等想升級要刷16930隻怪，59等要刷17845隻怪，
        56等升到滿等要刷52620隻怪，Ys6，YsF最快也要4小時，YsO則要更久。
        滿等有何好處？YsF打終王受傷是0，你可以欣賞終王自己在玩發球。
